   500.00000      0.00000
   610.00000     18.83808
   620.00000     18.72421
   630.00000     18.61033
   640.00000     18.49645
   650.00000     18.38258
   660.00000     18.26870
   670.00000     18.15482
   680.00000     18.04095
   690.00000     17.92707
   700.00000     17.81319
   710.00000     17.69932
   720.00000     17.58544
   730.00000     17.47157
   740.00000     17.35769
   750.00000     17.24381
   760.00000     17.12994
   770.00000     17.01606
   780.00000     16.90218
   790.00000     16.78831
   800.00000     16.67443
   810.00000     16.56055
   820.00000     16.44668
   830.00000     16.33280
   840.00000     16.21893
   850.00000     16.10505
   860.00000     15.99117
   870.00000     15.87730
   880.00000     15.76342
   890.00000     15.64954
   900.00000     15.53567
   910.00000     15.42179
   920.00000     15.30791
   930.00000     15.19404
   940.00000     15.08016
   950.00000     14.96628
   960.00000     14.85241
   970.00000     14.73853
   980.00000     14.62465
   990.00000     14.51078
  1000.00000     14.39690
  1010.00000     14.28303
  1020.00000     14.16915
  1030.00000     14.05527
  1040.00000     13.94140
  1050.00000     13.82752
  1060.00000     13.71364
  1070.00000     13.59977
  1080.00000     13.48589
  1090.00000     13.37201
  1100.00000     13.25814
  1110.00000     13.14426
  1120.00000     13.03039
  1130.00000     12.91651
  1140.00000     12.80263
  1150.00000     12.68876
  1160.00000     12.57488
  1170.00000     12.46100
  1180.00000     12.34713
  1190.00000     12.23325
  1200.00000     12.11937
  1210.00000     12.02865
  1220.00000     11.94125
  1230.00000     11.85700
  1240.00000     11.77573
  1250.00000     11.69728
  1260.00000     11.62150
  1270.00000     11.54826
  1280.00000     11.47741
  1290.00000     11.40884
  1300.00000     11.34242
  1310.00000     11.27805
  1320.00000     11.21562
  1330.00000     11.15504
  1340.00000     11.09620
  1350.00000     11.03903
  1360.00000     10.98344
  1370.00000     10.92934
  1380.00000     10.87668
  1390.00000     10.82537
  1400.00000     10.77534
  1410.00000     10.72655
  1420.00000     10.67893
  1430.00000     10.63242
  1440.00000     10.58697
  1450.00000     10.54253
  1460.00000     10.49905
  1470.00000     10.45650
  1480.00000     10.41481
  1490.00000     10.37396
  1500.00000     10.33391
  1510.00000     10.29461
  1520.00000     10.25604
  1530.00000     10.21817
  1540.00000     10.18096
  1550.00000     10.14437
  1560.00000     10.10840
  1570.00000     10.07301
  1580.00000     10.03817
  1590.00000     10.00386
  1600.00000      9.97005
  1610.00000      9.93674
  1620.00000      9.90389
  1630.00000      9.87149
  1640.00000      9.83951
  1650.00000      9.80795
  1660.00000      9.77678
  1670.00000      9.74599
  1680.00000      9.71556
  1690.00000      9.68549
  1700.00000      9.65575
  1710.00000      9.62633
  1720.00000      9.59723
  1730.00000      9.56842
  1740.00000      9.53990
  1750.00000      9.51166
  1760.00000      9.48369
  1770.00000      9.45597
  1780.00000      9.42851
  1790.00000      9.40129
  1800.00000      9.37429
  1810.00000      9.34753
  1820.00000      9.32097
  1830.00000      9.29463
  1840.00000      9.26849
  1850.00000      9.24255
  1860.00000      9.21680
  1870.00000      9.19124
  1880.00000      9.16585
  1890.00000      9.14063
  1900.00000      9.11559
  1910.00000      9.09071
  1920.00000      9.06598
  1930.00000      9.04141
  1940.00000      9.01700
  1950.00000      8.99272
  1960.00000      8.96859
  1970.00000      8.94460
  1980.00000      8.92074
  1990.00000      8.89702
  2000.00000      8.87343
  2010.00000      8.84996
  2020.00000      8.82661
  2030.00000      8.80338
  2040.00000      8.78027
  2050.00000      8.75728
  2060.00000      8.73439
  2070.00000      8.71162
  2080.00000      8.68896
  2090.00000      8.66640
  2100.00000      8.64394
  2110.00000      8.62159
  2120.00000      8.59933
  2130.00000      8.57718
  2140.00000      8.55512
  2150.00000      8.53315
  2160.00000      8.51128
  2170.00000      8.48950
  2180.00000      8.46781
  2190.00000      8.44621
  2200.00000      8.42469
  2210.00000      8.40326
  2220.00000      8.38192
  2230.00000      8.36066
  2240.00000      8.33949
  2250.00000      8.31839
  2260.00000      8.29738
  2270.00000      8.27644
  2280.00000      8.25559
  2290.00000      8.23481
  2300.00000      8.21411
  2310.00000      8.19349
  2320.00000      8.17293
  2330.00000      8.15246
  2340.00000      8.13206
  2350.00000      8.11173
  2360.00000      8.09147
  2370.00000      8.07129
  2380.00000      8.05118
  2390.00000      8.03113
  2400.00000      8.01116
  2410.00000      7.99125
  2420.00000      7.97142
  2430.00000      7.95165
  2440.00000      7.93195
  2450.00000      7.91232
  2460.00000      7.89275
  2470.00000      7.87325
  2480.00000      7.85382
  2490.00000      7.83445
  2500.00000      7.81514
  2510.00000      7.79590
  2520.00000      7.77673
  2530.00000      7.75762
  2540.00000      7.73856
  2550.00000      7.71958
  2560.00000      7.70065
  2570.00000      7.68179
  2580.00000      7.66299
  2590.00000      7.64425
  2600.00000      7.62557
  2610.00000      7.60695
  2620.00000      7.58840
  2630.00000      7.56990
  2640.00000      7.55146
  2650.00000      7.53308
  2660.00000      7.51477
  2670.00000      7.49651
  2680.00000      7.47831
  2690.00000      7.46016
  2700.00000      7.44208
  2710.00000      7.42405
  2720.00000      7.40609
  2730.00000      7.38817
  2740.00000      7.37032
  2750.00000      7.35252
  2760.00000      7.33478
  2770.00000      7.31710
  2780.00000      7.29947
  2790.00000      7.28190
  2800.00000      7.26438
  2810.00000      7.24692
  2820.00000      7.22952
  2830.00000      7.21217
  2840.00000      7.19487
  2850.00000      7.17763
  2860.00000      7.16045
  2870.00000      7.14331
  2880.00000      7.12624
  2890.00000      7.10921
  2900.00000      7.09225
  2910.00000      7.07533
  2920.00000      7.05847
  2930.00000      7.04166
  2940.00000      7.02490
  2950.00000      7.00820
  2960.00000      6.99154
  2970.00000      6.97495
  2980.00000      6.95840
  2990.00000      6.94190
  3000.00000      6.92546
  3010.00000      6.90907
  3020.00000      6.89273
  3030.00000      6.87644
  3040.00000      6.86021
  3050.00000      6.84402
  3060.00000      6.82789
  3070.00000      6.81180
  3080.00000      6.79577
  3090.00000      6.77978
  3100.00000      6.76385
  3110.00000      6.74796
  3120.00000      6.73213
  3130.00000      6.71634
  3140.00000      6.70061
  3150.00000      6.68492
  3160.00000      6.66929
  3170.00000      6.65370
  3180.00000      6.63816
  3190.00000      6.62267
  3200.00000      6.60723
  3210.00000      6.59183
  3220.00000      6.57649
  3230.00000      6.56119
  3240.00000      6.54594
  3250.00000      6.53073
  3260.00000      6.51558
  3270.00000      6.50047
  3280.00000      6.48541
  3290.00000      6.47040
  3300.00000      6.45543
  3310.00000      6.44051
  3320.00000      6.42563
  3330.00000      6.41081
  3340.00000      6.39602
  3350.00000      6.38129
  3360.00000      6.36660
  3370.00000      6.35196
  3380.00000      6.33736
  3390.00000      6.32280
  3400.00000      6.30829
  3410.00000      6.29383
  3420.00000      6.27941
  3430.00000      6.26504
  3440.00000      6.25071
  3450.00000      6.23643
  3460.00000      6.22219
  3470.00000      6.20799
  3480.00000      6.19384
  3490.00000      6.17973
  3500.00000      6.16567
  3510.00000      6.15164
  3520.00000      6.13767
  3530.00000      6.12373
  3540.00000      6.10984
  3550.00000      6.09599
  3560.00000      6.08218
  3570.00000      6.06842
  3580.00000      6.05470
  3590.00000      6.04102
  3600.00000      6.02738
  3610.00000      6.01379
  3620.00000      6.00024
  3630.00000      5.98672
  3640.00000      5.97326
  3650.00000      5.95983
  3660.00000      5.94644
  3670.00000      5.93309
  3680.00000      5.91979
  3690.00000      5.90653
  3700.00000      5.89330
  3710.00000      5.88012
  3720.00000      5.86697
  3730.00000      5.85387
  3740.00000      5.84081
  3750.00000      5.82779
  3760.00000      5.81480
  3770.00000      5.80186
  3780.00000      5.78896
  3790.00000      5.77609
  3800.00000      5.76327
  3810.00000      5.75048
  3820.00000      5.73773
  3830.00000      5.72503
  3840.00000      5.71236
  3850.00000      5.69973
  3860.00000      5.68713
  3870.00000      5.67458
  3880.00000      5.66206
  3890.00000      5.64958
  3900.00000      5.63714
  3910.00000      5.62474
  3920.00000      5.61237
  3930.00000      5.60004
  3940.00000      5.58775
  3950.00000      5.57550
  3960.00000      5.56328
  3970.00000      5.55110
  3980.00000      5.53895
  3990.00000      5.52685
  4000.00000      5.51478
  4010.00000      5.50274
  4020.00000      5.49074
  4030.00000      5.47878
  4040.00000      5.46685
  4050.00000      5.45496
  4060.00000      5.44311
  4070.00000      5.43129
  4080.00000      5.41950
  4090.00000      5.40775
  4100.00000      5.39604
  4110.00000      5.38436
  4120.00000      5.37272
  4130.00000      5.36111
  4140.00000      5.34953
  4150.00000      5.33799
  4160.00000      5.32649
  4170.00000      5.31501
  4180.00000      5.30357
  4190.00000      5.29217
  4200.00000      5.28080
  4210.00000      5.26946
  4220.00000      5.25816
  4230.00000      5.24689
  4240.00000      5.23565
  4250.00000      5.22445
  4260.00000      5.21328
  4270.00000      5.20214
  4280.00000      5.19103
  4290.00000      5.17996
  4300.00000      5.16892
  4310.00000      5.15792
  4320.00000      5.14694
  4330.00000      5.13600
  4340.00000      5.12509
  4350.00000      5.11421
  4360.00000      5.10336
  4370.00000      5.09255
  4380.00000      5.08176
  4390.00000      5.07101
  4400.00000      5.06029
  4410.00000      5.04960
  4420.00000      5.03894
  4430.00000      5.02831
  4440.00000      5.01772
  4450.00000      5.00715
  4460.00000      4.99661
  4470.00000      4.98611
  4480.00000      4.97563
  4490.00000      4.96519
  4500.00000      4.95478
  4510.00000      4.94439
  4520.00000      4.93404
  4530.00000      4.92371
  4540.00000      4.91342
  4550.00000      4.90315
  4560.00000      4.89292
  4570.00000      4.88271
  4580.00000      4.87253
  4590.00000      4.86239
  4600.00000      4.85227
  4610.00000      4.84218
  4620.00000      4.83212
  4630.00000      4.82208
  4640.00000      4.81208
  4650.00000      4.80211
  4660.00000      4.79216
  4670.00000      4.78224
  4680.00000      4.77235
  4690.00000      4.76249
  4700.00000      4.75265
  4710.00000      4.74285
  4720.00000      4.73307
  4730.00000      4.72332
  4740.00000      4.71359
  4750.00000      4.70390
  4760.00000      4.69423
  4770.00000      4.68459
  4780.00000      4.67497
  4790.00000      4.66539
  4800.00000      4.65583
  4810.00000      4.64629
  4820.00000      4.63679
  4830.00000      4.62731
  4840.00000      4.61785
  4850.00000      4.60843
  4860.00000      4.59902
  4870.00000      4.58965
  4880.00000      4.58030
  4890.00000      4.57098
  4900.00000      4.56168
  4910.00000      4.55241
  4920.00000      4.54317
  4930.00000      4.53395
  4940.00000      4.52475
  4950.00000      4.51559
  4960.00000      4.50644
  4970.00000      4.49732
  4980.00000      4.48823
  4990.00000      4.47916
  5000.00000      4.47012
  5010.00000      4.46110
  5020.00000      4.45211
  5030.00000      4.44314
  5040.00000      4.43420
  5050.00000      4.42528
  5060.00000      4.41639
  5070.00000      4.40752
  5080.00000      4.39867
  5090.00000      4.38985
  5100.00000      4.38105
  5110.00000      4.37228
  5120.00000      4.36353
  5130.00000      4.35480
  5140.00000      4.34610
  5150.00000      4.33742
  5160.00000      4.32877
  5170.00000      4.32013
  5180.00000      4.31153
  5190.00000      4.30294
  5200.00000      4.29438
  5210.00000      4.28584
  5220.00000      4.27732
  5230.00000      4.26883
  5240.00000      4.26036
  5250.00000      4.25191
  5260.00000      4.24349
  5270.00000      4.23509
  5280.00000      4.22671
  5290.00000      4.21835
  5300.00000      4.21002
  5310.00000      4.20170
  5320.00000      4.19341
  5330.00000      4.18515
  5340.00000      4.17690
  5350.00000      4.16867
  5360.00000      4.16047
  5370.00000      4.15229
  5380.00000      4.14413
  5390.00000      4.13600
  5400.00000      4.12788
  5410.00000      4.11979
  5420.00000      4.11171
  5430.00000      4.10366
  5440.00000      4.09563
  5450.00000      4.08762
  5460.00000      4.07963
  5470.00000      4.07167
  5480.00000      4.06372
  5490.00000      4.05580
  5500.00000      4.04789
  5510.00000      4.04001
  5520.00000      4.03214
  5530.00000      4.02430
  5540.00000      4.01648
  5550.00000      4.00868
  5560.00000      4.00089
  5570.00000      3.99313
  5580.00000      3.98539
  5590.00000      3.97767
  5600.00000      3.96997
  5610.00000      3.96229
  5620.00000      3.95463
  5630.00000      3.94699
  5640.00000      3.93936
  5650.00000      3.93176
  5660.00000      3.92418
  5670.00000      3.91662
  5680.00000      3.90907
  5690.00000      3.90155
  5700.00000      3.89404
  5710.00000      3.88656
  5720.00000      3.87909
  5730.00000      3.87164
  5740.00000      3.86422
  5750.00000      3.85681
  5760.00000      3.84942
  5770.00000      3.84204
  5780.00000      3.83469
  5790.00000      3.82736
  5800.00000      3.82004
  5810.00000      3.81275
  5820.00000      3.80547
  5830.00000      3.79821
  5840.00000      3.79096
  5850.00000      3.78374
  5860.00000      3.77654
  5870.00000      3.76935
  5880.00000      3.76218
  5890.00000      3.75503
  5900.00000      3.74790
  5910.00000      3.74078
  5920.00000      3.73369
  5930.00000      3.72661
  5940.00000      3.71954
  5950.00000      3.71250
  5960.00000      3.70547
  5970.00000      3.69847
  5980.00000      3.69147
  5990.00000      3.68450
  6000.00000      3.67754
  6010.00000      3.67060
  6020.00000      3.66368
  6030.00000      3.65678
  6040.00000      3.64989
  6050.00000      3.64302
  6060.00000      3.63617
  6070.00000      3.62933
  6080.00000      3.62251
  6090.00000      3.61571
  6100.00000      3.60892
  6110.00000      3.60215
  6120.00000      3.59540
  6130.00000      3.58866
  6140.00000      3.58194
  6150.00000      3.57524
  6160.00000      3.56855
  6170.00000      3.56188
  6180.00000      3.55523
  6190.00000      3.54859
  6200.00000      3.54196
  6210.00000      3.53536
  6220.00000      3.52877
  6230.00000      3.52220
  6240.00000      3.51564
  6250.00000      3.50910
  6260.00000      3.50257
  6270.00000      3.49606
  6280.00000      3.48957
  6290.00000      3.48309
  6300.00000      3.50170
  6310.00000      3.49474
  6320.00000      3.48781
  6330.00000      3.48089
  6340.00000      3.47400
  6350.00000      3.46713
  6360.00000      3.46029
  6370.00000      3.45346
  6380.00000      3.44666
  6390.00000      3.43987
  6400.00000      3.43311
  6410.00000      3.42637
  6420.00000      3.41965
  6430.00000      3.41295
  6440.00000      3.40627
  6450.00000      3.39962
  6460.00000      3.39298
  6470.00000      3.38636
  6480.00000      3.37977
  6490.00000      3.37319
  6500.00000      3.36664
  6510.00000      3.36010
  6520.00000      3.35359
  6530.00000      3.34709
  6540.00000      3.34062
  6550.00000      3.33416
  6560.00000      3.32773
  6570.00000      3.32131
  6580.00000      3.31491
  6590.00000      3.30853
  6600.00000      3.30218
  6610.00000      3.29584
  6620.00000      3.28952
  6630.00000      3.28322
  6640.00000      3.27694
  6650.00000      3.27067
  6660.00000      3.26443
  6670.00000      3.25820
  6680.00000      3.25200
  6690.00000      3.24581
  6700.00000      3.23964
  6710.00000      3.23349
  6720.00000      3.22736
  6730.00000      3.22124
  6740.00000      3.21515
  6750.00000      3.20907
  6760.00000      3.20301
  6770.00000      3.19696
  6780.00000      3.19094
  6790.00000      3.18493
  6800.00000      3.17894
  6810.00000      3.17297
  6820.00000      3.16702
  6830.00000      3.16108
  6840.00000      3.15516
  6850.00000      3.14926
  6860.00000      3.14337
  6870.00000      3.13751
  6880.00000      3.13166
  6890.00000      3.12582
  6900.00000      3.12001
  6910.00000      3.11421
  6920.00000      3.10842
  6930.00000      3.10266
  6940.00000      3.09691
  6950.00000      3.09117
  6960.00000      3.08546
  6970.00000      3.07976
  6980.00000      3.07407
  6990.00000      3.06840
  7000.00000      3.06275
  7010.00000      3.05712
  7020.00000      3.05150
  7030.00000      3.04589
  7040.00000      3.04031
  7050.00000      3.03473
  7060.00000      3.02918
  7070.00000      3.02364
  7080.00000      3.01811
  7090.00000      3.01260
  7100.00000      3.00711
  7110.00000      3.00163
  7120.00000      2.99617
  7130.00000      2.99072
  7140.00000      2.98529
  7150.00000      2.97987
  7160.00000      2.97447
  7170.00000      2.96909
  7180.00000      2.96371
  7190.00000      2.95836
  7200.00000      2.95301
  7210.00000      2.94769
  7220.00000      2.94238
  7230.00000      2.93708
  7240.00000      2.93180
  7250.00000      2.92653
  7260.00000      2.92127
  7270.00000      2.91603
  7280.00000      2.91081
  7290.00000      2.90560
  7300.00000      2.90040
  7310.00000      2.89522
  7320.00000      2.89005
  7330.00000      2.88490
  7340.00000      2.87976
  7350.00000      2.87463
  7360.00000      2.86952
  7370.00000      2.86442
  7380.00000      2.85934
  7390.00000      2.85427
  7400.00000      2.84921
  7410.00000      2.84417
  7420.00000      2.83914
  7430.00000      2.83412
  7440.00000      2.82912
  7450.00000      2.82413
  7460.00000      2.81915
  7470.00000      2.81419
  7480.00000      2.80924
  7490.00000      2.80431
  7500.00000      2.79938
  7510.00000      2.79447
  7520.00000      2.78958
  7530.00000      2.78469
  7540.00000      2.77982
  7550.00000      2.77497
  7560.00000      2.77012
  7570.00000      2.76529
  7580.00000      2.76047
  7590.00000      2.75566
  7600.00000      2.75087
  7610.00000      2.74609
  7620.00000      2.74132
  7630.00000      2.73656
  7640.00000      2.73182
  7650.00000      2.72709
  7660.00000      2.72237
  7670.00000      2.71766
  7680.00000      2.71297
  7690.00000      2.70828
  7700.00000      2.70361
  7710.00000      2.69896
  7720.00000      2.69431
  7730.00000      2.68968
  7740.00000      2.68505
  7750.00000      2.68044
  7760.00000      2.67585
  7770.00000      2.67126
  7780.00000      2.66668
  7790.00000      2.66212
  7800.00000      2.65757
  7810.00000      2.65303
  7820.00000      2.64850
  7830.00000      2.64399
  7840.00000      2.63948
  7850.00000      2.63499
  7860.00000      2.63051
  7870.00000      2.62604
  7880.00000      2.62158
  7890.00000      2.61713
  7900.00000      2.61269
  7910.00000      2.60827
  7920.00000      2.60385
  7930.00000      2.59945
  7940.00000      2.59506
  7950.00000      2.59068
  7960.00000      2.58631
  7970.00000      2.58195
  7980.00000      2.57760
  7990.00000      2.57326
  8000.00000      2.56894
  8010.00000      2.56462
  8020.00000      2.56032
  8030.00000      2.55602
  8040.00000      2.55174
  8050.00000      2.54747
  8060.00000      2.54320
  8070.00000      2.53895
  8080.00000      2.53471
  8090.00000      2.53048
  8100.00000      2.52626
  8110.00000      2.52205
  8120.00000      2.51785
  8130.00000      2.51366
  8140.00000      2.50949
  8150.00000      2.50532
  8160.00000      2.50116
  8170.00000      2.49701
  8180.00000      2.49287
  8190.00000      2.48875
  8200.00000      2.48463
  8210.00000      2.48052
  8220.00000      2.47642
  8230.00000      2.47233
  8240.00000      2.46826
  8250.00000      2.46419
  8260.00000      2.46013
  8270.00000      2.45608
  8280.00000      2.45204
  8290.00000      2.44802
  8300.00000      2.44400
  8310.00000      2.43999
  8320.00000      2.43599
  8330.00000      2.43200
  8340.00000      2.42802
  8350.00000      2.42405
  8360.00000      2.42008
  8370.00000      2.41613
  8380.00000      2.41219
  8390.00000      2.40826
  8400.00000      2.40433
  8410.00000      2.40042
  8420.00000      2.39651
  8430.00000      2.39262
  8440.00000      2.38873
  8450.00000      2.38485
  8460.00000      2.38098
  8470.00000      2.37713
  8480.00000      2.37328
  8490.00000      2.36943
  8500.00000      2.36560
  8510.00000      2.36178
  8520.00000      2.35796
  8530.00000      2.35416
  8540.00000      2.35036
  8550.00000      2.34658
  8560.00000      2.34280
  8570.00000      2.33903
  8580.00000      2.33527
  8590.00000      2.33152
  8600.00000      2.32777
  8610.00000      2.32404
  8620.00000      2.32031
  8630.00000      2.31659
  8640.00000      2.31289
  8650.00000      2.30919
  8660.00000      2.30549
  8670.00000      2.30181
  8680.00000      2.29814
  8690.00000      2.29447
  8700.00000      2.29081
  8710.00000      2.28716
  8720.00000      2.28352
  8730.00000      2.27989
  8740.00000      2.27626
  8750.00000      2.27265
  8760.00000      2.26904
  8770.00000      2.26544
  8780.00000      2.26185
  8790.00000      2.25827
  8800.00000      2.25469
  8810.00000      2.25112
  8820.00000      2.24757
  8830.00000      2.24402
  8840.00000      2.24047
  8850.00000      2.23694
  8860.00000      2.23341
  8870.00000      2.22989
  8880.00000      2.22638
  8890.00000      2.22288
  8900.00000      2.21938
  8910.00000      2.21590
  8920.00000      2.21242
  8930.00000      2.20894
  8940.00000      2.20548
  8950.00000      2.20203
  8960.00000      2.19858
  8970.00000      2.19514
  8980.00000      2.19170
  8990.00000      2.18828
  9000.00000      2.18486
  9010.00000      2.18145
  9020.00000      2.17805
  9030.00000      2.17465
  9040.00000      2.17126
  9050.00000      2.16788
  9060.00000      2.16451
  9070.00000      2.16115
  9080.00000      2.15779
  9090.00000      2.15444
  9100.00000      2.15109
  9110.00000      2.14776
  9120.00000      2.14443
  9130.00000      2.14111
  9140.00000      2.13779
  9150.00000      2.13449
  9160.00000      2.13119
  9170.00000      2.12790
  9180.00000      2.12461
  9190.00000      2.12133
  9200.00000      2.11806
  9210.00000      2.11480
  9220.00000      2.11154
  9230.00000      2.10829
  9240.00000      2.10505
  9250.00000      2.10182
  9260.00000      2.09859
  9270.00000      2.09537
  9280.00000      2.09215
  9290.00000      2.08894
  9300.00000      2.08574
  9310.00000      2.08255
  9320.00000      2.07936
  9330.00000      2.07618
  9340.00000      2.07301
  9350.00000      2.06984
  9360.00000      2.06668
  9370.00000      2.06353
  9380.00000      2.06038
  9390.00000      2.05724
  9400.00000      2.05411
  9410.00000      2.05098
  9420.00000      2.04786
  9430.00000      2.04475
  9440.00000      2.04164
  9450.00000      2.03854
  9460.00000      2.03545
  9470.00000      2.03236
  9480.00000      2.02928
  9490.00000      2.02621
  9500.00000      2.02314
  9510.00000      2.02008
  9520.00000      2.01703
  9530.00000      2.01398
  9540.00000      2.01094
  9550.00000      2.00790
  9560.00000      2.00487
  9570.00000      2.00185
  9580.00000      1.99883
  9590.00000      1.99582
  9600.00000      1.99282
  9610.00000      1.98982
  9620.00000      1.98683
  9630.00000      1.98385
  9640.00000      1.98087
  9650.00000      1.97790
  9660.00000      1.97493
  9670.00000      1.97197
  9680.00000      1.96901
  9690.00000      1.96607
  9700.00000      1.96312
  9710.00000      1.96019
  9720.00000      1.95726
  9730.00000      1.95433
  9740.00000      1.95142
  9750.00000      1.94850
  9760.00000      1.94560
  9770.00000      1.94270
  9780.00000      1.93980
  9790.00000      1.93692
  9800.00000      1.93403
  9810.00000      1.93116
  9820.00000      1.92829
  9830.00000      1.92542
  9840.00000      1.92256
  9850.00000      1.91971
  9860.00000      1.91686
  9870.00000      1.91402
  9880.00000      1.91118
  9890.00000      1.90835
  9900.00000      1.90553
  9910.00000      1.90271
  9920.00000      1.89990
  9930.00000      1.89709
  9940.00000      1.89429
  9950.00000      1.89149
  9960.00000      1.88870
  9970.00000      1.88592
  9980.00000      1.88314
  9990.00000      1.88037
 10000.00000      1.87760
 10010.00000      1.87483
 10020.00000      1.87208
 10030.00000      1.86933
 10040.00000      1.86658
 10050.00000      1.86384
 10060.00000      1.86110
 10070.00000      1.85837
 10080.00000      1.85565
 10090.00000      1.85293
 10100.00000      1.85022
 10110.00000      1.84751
 10120.00000      1.84481
 10130.00000      1.84211
 10140.00000      1.83942
 10150.00000      1.83673
 10160.00000      1.83405
 10170.00000      1.83137
 10180.00000      1.82870
 10190.00000      1.82604
 10200.00000      1.82337
 10210.00000      1.82072
 10220.00000      1.81807
 10230.00000      1.81542
 10240.00000      1.81278
 10250.00000      1.81015
 10260.00000      1.80752
 10270.00000      1.80490
 10280.00000      1.80228
 10290.00000      1.79966
 10300.00000      1.79705
 10310.00000      1.79445
 10320.00000      1.79185
 10330.00000      1.78926
 10340.00000      1.78667
 10350.00000      1.78408
 10360.00000      1.78150
 10370.00000      1.77893
 10380.00000      1.77636
 10390.00000      1.77380
 10400.00000      1.77124
 10410.00000      1.76868
 10420.00000      1.76613
 10430.00000      1.76359
 10440.00000      1.76105
 10450.00000      1.75851
 10460.00000      1.75598
 10470.00000      1.75346
 10480.00000      1.75094
 10490.00000      1.74842
 10500.00000      1.74591
 10510.00000      1.74341
 10520.00000      1.74091
 10530.00000      1.73841
 10540.00000      1.73592
 10550.00000      1.73343
 10560.00000      1.73095
 10570.00000      1.72847
 10580.00000      1.72600
 10590.00000      1.72353
 10600.00000      1.72107
 10610.00000      1.71861
 10620.00000      1.71615
 10630.00000      1.71370
 10640.00000      1.71126
 10650.00000      1.70882
 10660.00000      1.70638
 10670.00000      1.70395
 10680.00000      1.70153
 10690.00000      1.69910
 10700.00000      1.69669
 10710.00000      1.69427
 10720.00000      1.69186
 10730.00000      1.68946
 10740.00000      1.68706
 10750.00000      1.68467
 10760.00000      1.68227
 10770.00000      1.67989
 10780.00000      1.67751
 10790.00000      1.67513
 10800.00000      1.67276
 10810.00000      1.67039
 10820.00000      1.66802
 10830.00000      1.66566
 10840.00000      1.66331
 10850.00000      1.66096
 10860.00000      1.65861
 10870.00000      1.65627
 10880.00000      1.65393
 10890.00000      1.65159
 10900.00000      1.64926
 10910.00000      1.64694
 10920.00000      1.64462
 10930.00000      1.64230
 10940.00000      1.63999
 10950.00000      1.63768
 10960.00000      1.63538
 10970.00000      1.63308
 10980.00000      1.63078
 10990.00000      1.62849
 11000.00000      1.62620
 11010.00000      1.62392
 11020.00000      1.62164
 11030.00000      1.61936
 11040.00000      1.61709
 11050.00000      1.61483
 11060.00000      1.61256
 11070.00000      1.61030
 11080.00000      1.60805
 11090.00000      1.60580
 11100.00000      1.60355
 11110.00000      1.60131
 11120.00000      1.59907
 11130.00000      1.59684
 11140.00000      1.59461
 11150.00000      1.59238
 11160.00000      1.59016
 11170.00000      1.58794
 11180.00000      1.58573
 11190.00000      1.58352
 11200.00000      1.58131
 11210.00000      1.57911
 11220.00000      1.57691
 11230.00000      1.57471
 11240.00000      1.57252
 11250.00000      1.57034
 11260.00000      1.56815
 11270.00000      1.56597
 11280.00000      1.56380
 11290.00000      1.56163
 11300.00000      1.55946
 11310.00000      1.55729
 11320.00000      1.55513
 11330.00000      1.55298
 11340.00000      1.55083
 11350.00000      1.54868
 11360.00000      1.54653
 11370.00000      1.54439
 11380.00000      1.54225
 11390.00000      1.54012
 11400.00000      1.53799
 11410.00000      1.53587
 11420.00000      1.53374
 11430.00000      1.53162
 11440.00000      1.52951
 11450.00000      1.52740
 11460.00000      1.52529
 11470.00000      1.52319
 11480.00000      1.52109
 11490.00000      1.51899
 11500.00000      1.51690
 11510.00000      1.51481
 11520.00000      1.51272
 11530.00000      1.51064
 11540.00000      1.50856
 11550.00000      1.50649
 11560.00000      1.50442
 11570.00000      1.50235
 11580.00000      1.50029
 11590.00000      1.49823
 11600.00000      1.49617
 11610.00000      1.49411
 11620.00000      1.49206
 11630.00000      1.49002
 11640.00000      1.48798
 11650.00000      1.48594
 11660.00000      1.48390
 11670.00000      1.48187
 11680.00000      1.47984
 11690.00000      1.47781
 11700.00000      1.47579
 11710.00000      1.47377
 11720.00000      1.47176
 11730.00000      1.46975
 11740.00000      1.46774
 11750.00000      1.46574
 11760.00000      1.46373
 11770.00000      1.46174
 11780.00000      1.45974
 11790.00000      1.45775
 11800.00000      1.45576
 11810.00000      1.45378
 11820.00000      1.45180
 11830.00000      1.44982
 11840.00000      1.44785
 11850.00000      1.44587
 11860.00000      1.44391
 11870.00000      1.44194
 11880.00000      1.43998
 11890.00000      1.43802
 11900.00000      1.43607
 11910.00000      1.43412
 11920.00000      1.43217
 11930.00000      1.43023
 11940.00000      1.42828
 11950.00000      1.42635
 11960.00000      1.42441
 11970.00000      1.42248
 11980.00000      1.42055
 11990.00000      1.41863
 12000.00000      1.41670
 12010.00000      1.41478
 12020.00000      1.41287
 12030.00000      1.41096
 12040.00000      1.40905
 12050.00000      1.40714
 12060.00000      1.40524
 12070.00000      1.40334
 12080.00000      1.40144
 12090.00000      1.39955
 12100.00000      1.39766
 12110.00000      1.39577
 12120.00000      1.39389
 12130.00000      1.39201
 12140.00000      1.39013
 12150.00000      1.38825
 12160.00000      1.38638
 12170.00000      1.38451
 12180.00000      1.38265
 12190.00000      1.38079
 12200.00000      1.37893
 12210.00000      1.37707
 12220.00000      1.37522
 12230.00000      1.37337
 12240.00000      1.37152
 12250.00000      1.36967
 12260.00000      1.36783
 12270.00000      1.36599
 12280.00000      1.36416
 12290.00000      1.36233
 12300.00000      1.36050
 12310.00000      1.35867
 12320.00000      1.35685
 12330.00000      1.35503
 12340.00000      1.35321
 12350.00000      1.35140
 12360.00000      1.34958
 12370.00000      1.34777
 12380.00000      1.34597
 12390.00000      1.34417
 12400.00000      1.34237
 12410.00000      1.34057
 12420.00000      1.33878
 12430.00000      1.33698
 12440.00000      1.33520
 12450.00000      1.33341
 12460.00000      1.33163
 12470.00000      1.32985
 12480.00000      1.32807
 12490.00000      1.32630
 12500.00000      1.32453
 12510.00000      1.32276
 12520.00000      1.32099
 12530.00000      1.31923
 12540.00000      1.31747
 12550.00000      1.31571
 12560.00000      1.31396
 12570.00000      1.31221
 12580.00000      1.31046
 12590.00000      1.30871
 12600.00000      1.30697
 12610.00000      1.30523
 12620.00000      1.30349
 12630.00000      1.30175
 12640.00000      1.30002
 12650.00000      1.29829
 12660.00000      1.29657
 12670.00000      1.29484
 12680.00000      1.29312
 12690.00000      1.29140
 12700.00000      1.28969
 12710.00000      1.28797
 12720.00000      1.28626
 12730.00000      1.28455
 12740.00000      1.28285
 12750.00000      1.28115
 12760.00000      1.27945
 12770.00000      1.27775
 12780.00000      1.27606
 12790.00000      1.27436
 12800.00000      1.27267
 12810.00000      1.27099
 12820.00000      1.26930
 12830.00000      1.26762
 12840.00000      1.26594
 12850.00000      1.26427
 12860.00000      1.26259
 12870.00000      1.26092
 12880.00000      1.25926
 12890.00000      1.25759
 12900.00000      1.25593
 12910.00000      1.25427
 12920.00000      1.25261
 12930.00000      1.25095
 12940.00000      1.24930
 12950.00000      1.24765
 12960.00000      1.24600
 12970.00000      1.24436
 12980.00000      1.24272
 12990.00000      1.24108
 13000.00000      1.23944
 13010.00000      1.23780
 13020.00000      1.23617
 13030.00000      1.23454
 13040.00000      1.23291
 13050.00000      1.23129
 13060.00000      1.22966
 13070.00000      1.22804
 13080.00000      1.22643
 13090.00000      1.22481
 13100.00000      1.22320
 13110.00000      1.22159
 13120.00000      1.21998
 13130.00000      1.21838
 13140.00000      1.21677
 13150.00000      1.21517
 13160.00000      1.21357
 13170.00000      1.21198
 13180.00000      1.21039
 13190.00000      1.20880
 13200.00000      1.20721
 13210.00000      1.20562
 13220.00000      1.20404
 13230.00000      1.20246
 13240.00000      1.20088
 13250.00000      1.19930
 13260.00000      1.19773
 13270.00000      1.19616
 13280.00000      1.19459
 13290.00000      1.19302
 13300.00000      1.19146
 13310.00000      1.18989
 13320.00000      1.18833
 13330.00000      1.18678
 13340.00000      1.18522
 13350.00000      1.18367
 13360.00000      1.18212
 13370.00000      1.18057
 13380.00000      1.17902
 13390.00000      1.17748
 13400.00000      1.17594
 13410.00000      1.17440
 13420.00000      1.17286
 13430.00000      1.17133
 13440.00000      1.16980
 13450.00000      1.16827
 13460.00000      1.16674
 13470.00000      1.16521
 13480.00000      1.16369
 13490.00000      1.16217
 13500.00000      1.16065
 13510.00000      1.15914
 13520.00000      1.15762
 13530.00000      1.15611
 13540.00000      1.15460
 13550.00000      1.15309
 13560.00000      1.15159
 13570.00000      1.15009
 13580.00000      1.14858
 13590.00000      1.14709
 13600.00000      1.14559
 13610.00000      1.14410
 13620.00000      1.14260
 13630.00000      1.14111
 13640.00000      1.13963
 13650.00000      1.13814
 13660.00000      1.13666
 13670.00000      1.13518
 13680.00000      1.13370
 13690.00000      1.13222
 13700.00000      1.13075
 13710.00000      1.12928
 13720.00000      1.12781
 13730.00000      1.12634
 13740.00000      1.12487
 13750.00000      1.12341
 13760.00000      1.12195
 13770.00000      1.12049
 13780.00000      1.11903
 13790.00000      1.11757
 13800.00000      1.11612
 13810.00000      1.11467
 13820.00000      1.11322
 13830.00000      1.11177
 13840.00000      1.11033
 13850.00000      1.10889
 13860.00000      1.10745
 13870.00000      1.10601
 13880.00000      1.10457
 13890.00000      1.10314
 13900.00000      1.10171
 13910.00000      1.10027
 13920.00000      1.09885
 13930.00000      1.09742
 13940.00000      1.09600
 13950.00000      1.09457
 13960.00000      1.09315
 13970.00000      1.09174
 13980.00000      1.09032
 13990.00000      1.08891
 14000.00000      1.08749
 14010.00000      1.08608
 14020.00000      1.08468
 14030.00000      1.08327
 14040.00000      1.08187
 14050.00000      1.08047
 14060.00000      1.07907
 14070.00000      1.07767
 14080.00000      1.07627
 14090.00000      1.07488
 14100.00000      1.07349
 14110.00000      1.07210
 14120.00000      1.07071
 14130.00000      1.06932
 14140.00000      1.06794
 14150.00000      1.06656
 14160.00000      1.06518
 14170.00000      1.06380
 14180.00000      1.06242
 14190.00000      1.06105
 14200.00000      1.05967
 14210.00000      1.05830
 14220.00000      1.05694
 14230.00000      1.05557
 14240.00000      1.05420
 14250.00000      1.05284
 14260.00000      1.05148
 14270.00000      1.05012
 14280.00000      1.04876
 14290.00000      1.04741
 14300.00000      1.04606
 14310.00000      1.04470
 14320.00000      1.04335
 14330.00000      1.04201
 14340.00000      1.04066
 14350.00000      1.03932
 14360.00000      1.03798
 14370.00000      1.03664
 14380.00000      1.03530
 14390.00000      1.03396
 14400.00000      1.03263
 14410.00000      1.03129
 14420.00000      1.02996
 14430.00000      1.02863
 14440.00000      1.02731
 14450.00000      1.02598
 14460.00000      1.02466
 14470.00000      1.02334
 14480.00000      1.02202
 14490.00000      1.02070
 14500.00000      1.01938
 14510.00000      1.01807
 14520.00000      1.01676
 14530.00000      1.01544
 14540.00000      1.01414
 14550.00000      1.01283
 14560.00000      1.01152
 14570.00000      1.01022
 14580.00000      1.00892
 14590.00000      1.00762
 14600.00000      1.00632
 14610.00000      1.00502
 14620.00000      1.00373
 14630.00000      1.00244
 14640.00000      1.00114
 14650.00000      0.99986
 14660.00000      0.99857
 14670.00000      0.99728
 14680.00000      0.99600
 14690.00000      0.99471
 14700.00000      0.99343
 14710.00000      0.99216
 14720.00000      0.99088
 14730.00000      0.98960
 14740.00000      0.98833
 14750.00000      0.98706
 14760.00000      0.98579
 14770.00000      0.98452
 14780.00000      0.98325
 14790.00000      0.98199
 14800.00000      0.98072
 14810.00000      0.97946
 14820.00000      0.97820
 14830.00000      0.97694
 14840.00000      0.97569
 14850.00000      0.97443
 14860.00000      0.97318
 14870.00000      0.97193
 14880.00000      0.97068
 14890.00000      0.96943
 14900.00000      0.96818
 14910.00000      0.96694
 14920.00000      0.96570
 14930.00000      0.96445
 14940.00000      0.96321
 14950.00000      0.96198
 14960.00000      0.96074
 14970.00000      0.95951
 14980.00000      0.95827
 14990.00000      0.95704
 15000.00000      0.95581
 15010.00000      0.95458
 15020.00000      0.95336
 15030.00000      0.95213
 15040.00000      0.95091
 15050.00000      0.94969
 15060.00000      0.94847
 15070.00000      0.94725
 15080.00000      0.94603
 15090.00000      0.94482
 15100.00000      0.94360
 15110.00000      0.94239
 15120.00000      0.94118
 15130.00000      0.93997
 15140.00000      0.93876
 15150.00000      0.93756
 15160.00000      0.93635
 15170.00000      0.93515
 15180.00000      0.93395
 15190.00000      0.93275
 15200.00000      0.93155
 15210.00000      0.93036
 15220.00000      0.92916
 15230.00000      0.92797
 15240.00000      0.92678
 15250.00000      0.92559
 15260.00000      0.92440
 15270.00000      0.92321
 15280.00000      0.92203
 15290.00000      0.92084
 15300.00000      0.91966
 15310.00000      0.91848
 15320.00000      0.91730
 15330.00000      0.91612
 15340.00000      0.91495
 15350.00000      0.91377
 15360.00000      0.91260
 15370.00000      0.91143
 15380.00000      0.91026
 15390.00000      0.90909
 15400.00000      0.90793
 15410.00000      0.90676
 15420.00000      0.90560
 15430.00000      0.90443
 15440.00000      0.90327
 15450.00000      0.90211
 15460.00000      0.90096
 15470.00000      0.89980
 15480.00000      0.89865
 15490.00000      0.89749
 15500.00000      0.89634
 15510.00000      0.89519
 15520.00000      0.89404
 15530.00000      0.89289
 15540.00000      0.89175
 15550.00000      0.89060
 15560.00000      0.88946
 15570.00000      0.88832
 15580.00000      0.88718
 15590.00000      0.88604
 15600.00000      0.88490
 15610.00000      0.88377
 15620.00000      0.88263
 15630.00000      0.88150
 15640.00000      0.88037
 15650.00000      0.87924
 15660.00000      0.87811
 15670.00000      0.87699
 15680.00000      0.87586
 15690.00000      0.87474
 15700.00000      0.87361
 15710.00000      0.87249
 15720.00000      0.87137
 15730.00000      0.87025
 15740.00000      0.86914
 15750.00000      0.86802
 15760.00000      0.86691
 15770.00000      0.86579
 15780.00000      0.86468
 15790.00000      0.86357
 15800.00000      0.86247
 15810.00000      0.86136
 15820.00000      0.86025
 15830.00000      0.85915
 15840.00000      0.85805
 15850.00000      0.85694
 15860.00000      0.85584
 15870.00000      0.85475
 15880.00000      0.85365
 15890.00000      0.85255
 15900.00000      0.85146
 15910.00000      0.85036
 15920.00000      0.84927
 15930.00000      0.84818
 15940.00000      0.84709
 15950.00000      0.84601
 15960.00000      0.84492
 15970.00000      0.84383
 15980.00000      0.84275
 15990.00000      0.84167
 16000.00000      0.84059
 16010.00000      0.83951
 16020.00000      0.83843
 16030.00000      0.83735
 16040.00000      0.83628
 16050.00000      0.83520
 16060.00000      0.83413
 16070.00000      0.83306
 16080.00000      0.83199
 16090.00000      0.83092
 16100.00000      0.82985
 16110.00000      0.82879
 16120.00000      0.82772
 16130.00000      0.82666
 16140.00000      0.82560
 16150.00000      0.82453
 16160.00000      0.82347
 16170.00000      0.82242
 16180.00000      0.82136
 16190.00000      0.82030
 16200.00000      0.81925
 16210.00000      0.81820
 16220.00000      0.81714
 16230.00000      0.81609
 16240.00000      0.81505
 16250.00000      0.81400
 16260.00000      0.81295
 16270.00000      0.81191
 16280.00000      0.81086
 16290.00000      0.80982
 16300.00000      0.80878
 16310.00000      0.80774
 16320.00000      0.80670
 16330.00000      0.80566
 16340.00000      0.80462
 16350.00000      0.80359
 16360.00000      0.80256
 16370.00000      0.80152
 16380.00000      0.80049
 16390.00000      0.79946
 16400.00000      0.79843
 16410.00000      0.79740
 16420.00000      0.79638
 16430.00000      0.79535
 16440.00000      0.79433
 16450.00000      0.79331
 16460.00000      0.79229
 16470.00000      0.79127
 16480.00000      0.79025
 16490.00000      0.78923
 16500.00000      0.78821
 16510.00000      0.78720
 16520.00000      0.78618
 16530.00000      0.78517
 16540.00000      0.78416
 16550.00000      0.78315
 16560.00000      0.78214
 16570.00000      0.78113
 16580.00000      0.78013
 16590.00000      0.77912
 16600.00000      0.77812
 16610.00000      0.77711
 16620.00000      0.77611
 16630.00000      0.77511
 16640.00000      0.77411
 16650.00000      0.77311
 16660.00000      0.77212
 16670.00000      0.77112
 16680.00000      0.77013
 16690.00000      0.76913
 16700.00000      0.76814
 16710.00000      0.76715
 16720.00000      0.76616
 16730.00000      0.76517
 16740.00000      0.76418
 16750.00000      0.76320
 16760.00000      0.76221
 16770.00000      0.76123
 16780.00000      0.76025
 16790.00000      0.75927
 16800.00000      0.75828
 16810.00000      0.75731
 16820.00000      0.75633
 16830.00000      0.75535
 16840.00000      0.75437
 16850.00000      0.75340
 16860.00000      0.75243
 16870.00000      0.75146
 16880.00000      0.75048
 16890.00000      0.74951
 16900.00000      0.74855
 16910.00000      0.74758
 16920.00000      0.74661
 16930.00000      0.74565
 16940.00000      0.74468
 16950.00000      0.74372
 16960.00000      0.74276
 16970.00000      0.74180
 16980.00000      0.74084
 16990.00000      0.73988
 17000.00000      0.73892
 17010.00000      0.73796
 17020.00000      0.73701
 17030.00000      0.73605
 17040.00000      0.73510
 17050.00000      0.73415
 17060.00000      0.73320
 17070.00000      0.73225
 17080.00000      0.73130
 17090.00000      0.73035
 17100.00000      0.72941
 17110.00000      0.72846
 17120.00000      0.72752
 17130.00000      0.72657
 17140.00000      0.72563
 17150.00000      0.72469
 17160.00000      0.72375
 17170.00000      0.72281
 17180.00000      0.72188
 17190.00000      0.72094
 17200.00000      0.72000
 17210.00000      0.71907
 17220.00000      0.71814
 17230.00000      0.71721
 17240.00000      0.71627
 17250.00000      0.71534
 17260.00000      0.71442
 17270.00000      0.71349
 17280.00000      0.71256
 17290.00000      0.71164
 17300.00000      0.71071
 17310.00000      0.70979
 17320.00000      0.70887
 17330.00000      0.70794
 17340.00000      0.70702
 17350.00000      0.70610
 17360.00000      0.70519
 17370.00000      0.70427
 17380.00000      0.70335
 17390.00000      0.70244
 17400.00000      0.70152
 17410.00000      0.70061
 17420.00000      0.69970
 17430.00000      0.69879
 17440.00000      0.69788
 17450.00000      0.69697
 17460.00000      0.69606
 17470.00000      0.69516
 17480.00000      0.69425
 17490.00000      0.69335
 17500.00000      0.69244
 17510.00000      0.69154
 17520.00000      0.69064
 17530.00000      0.68974
 17540.00000      0.68884
 17550.00000      0.68794
 17560.00000      0.68704
 17570.00000      0.68615
 17580.00000      0.68525
 17590.00000      0.68436
 17600.00000      0.68346
 17610.00000      0.68257
 17620.00000      0.68168
 17630.00000      0.68079
 17640.00000      0.67990
 17650.00000      0.67901
 17660.00000      0.67813
 17670.00000      0.67724
 17680.00000      0.67635
 17690.00000      0.67547
 17700.00000      0.67459
 17710.00000      0.67371
 17720.00000      0.67282
 17730.00000      0.67194
 17740.00000      0.67106
 17750.00000      0.67019
 17760.00000      0.66931
 17770.00000      0.66843
 17780.00000      0.66756
 17790.00000      0.66668
 17800.00000      0.66581
 17810.00000      0.66494
 17820.00000      0.66407
 17830.00000      0.66320
 17840.00000      0.66233
 17850.00000      0.66146
 17860.00000      0.66059
 17870.00000      0.65972
 17880.00000      0.65886
 17890.00000      0.65799
 17900.00000      0.65713
 17910.00000      0.65627
 17920.00000      0.65541
 17930.00000      0.65455
 17940.00000      0.65369
 17950.00000      0.65283
 17960.00000      0.65197
 17970.00000      0.65111
 17980.00000      0.65026
 17990.00000      0.64940
 18000.00000      0.64855
 18010.00000      0.64770
 18020.00000      0.64684
 18030.00000      0.64599
 18040.00000      0.64514
 18050.00000      0.64429
 18060.00000      0.64344
 18070.00000      0.64260
 18080.00000      0.64175
 18090.00000      0.64091
 18100.00000      0.64006
 18110.00000      0.63922
 18120.00000      0.63837
 18130.00000      0.63753
 18140.00000      0.63669
 18150.00000      0.63585
 18160.00000      0.63501
 18170.00000      0.63417
 18180.00000      0.63334
 18190.00000      0.63250
 18200.00000      0.63167
 18210.00000      0.63083
 18220.00000      0.63000
 18230.00000      0.62917
 18240.00000      0.62833
 18250.00000      0.62750
 18260.00000      0.62667
 18270.00000      0.62584
 18280.00000      0.62502
 18290.00000      0.62419
 18300.00000      0.62336
 18310.00000      0.62254
 18320.00000      0.62171
 18330.00000      0.62089
 18340.00000      0.62007
 18350.00000      0.61925
 18360.00000      0.61842
 18370.00000      0.61760
 18380.00000      0.61679
 18390.00000      0.61597
 18400.00000      0.61515
 18410.00000      0.61433
 18420.00000      0.61352
 18430.00000      0.61270
 18440.00000      0.61189
 18450.00000      0.61108
 18460.00000      0.61027
 18470.00000      0.60945
 18480.00000      0.60864
 18490.00000      0.60783
 18500.00000      0.60703
 18510.00000      0.60622
 18520.00000      0.60541
 18530.00000      0.60461
 18540.00000      0.60380
 18550.00000      0.60300
 18560.00000      0.60219
 18570.00000      0.60139
 18580.00000      0.60059
 18590.00000      0.59979
 18600.00000      0.59899
 18610.00000      0.59819
 18620.00000      0.59739
 18630.00000      0.59660
 18640.00000      0.59580
 18650.00000      0.59500
 18660.00000      0.59421
 18670.00000      0.59342
 18680.00000      0.59262
 18690.00000      0.59183
 18700.00000      0.59104
 18710.00000      0.59025
 18720.00000      0.58946
 18730.00000      0.58867
 18740.00000      0.58788
 18750.00000      0.58710
 18760.00000      0.58631
 18770.00000      0.58552
 18780.00000      0.58474
 18790.00000      0.58396
 18800.00000      0.58317
 18810.00000      0.58239
 18820.00000      0.58161
 18830.00000      0.58083
 18840.00000      0.58005
 18850.00000      0.57927
 18860.00000      0.57849
 18870.00000      0.57772
 18880.00000      0.57694
 18890.00000      0.57617
 18900.00000      0.57539
 18910.00000      0.57462
 18920.00000      0.57384
 18930.00000      0.57307
 18940.00000      0.57230
 18950.00000      0.57153
 18960.00000      0.57076
 18970.00000      0.56999
 18980.00000      0.56922
 18990.00000      0.56846
 19000.00000      0.56769
 19010.00000      0.56692
 19020.00000      0.56616
 19030.00000      0.56540
 19040.00000      0.56463
 19050.00000      0.56387
 19060.00000      0.56311
 19070.00000      0.56235
 19080.00000      0.56159
 19090.00000      0.56083
 19100.00000      0.56007
 19110.00000      0.55931
 19120.00000      0.55856
 19130.00000      0.55780
 19140.00000      0.55704
 19150.00000      0.55629
 19160.00000      0.55554
 19170.00000      0.55478
 19180.00000      0.55403
 19190.00000      0.55328
 19200.00000      0.55253
 19210.00000      0.55178
 19220.00000      0.55103
 19230.00000      0.55028
 19240.00000      0.54953
 19250.00000      0.54879
 19260.00000      0.54804
 19270.00000      0.54730
 19280.00000      0.54655
 19290.00000      0.54581
 19300.00000      0.54507
 19310.00000      0.54432
 19320.00000      0.54358
 19330.00000      0.54284
 19340.00000      0.54210
 19350.00000      0.54136
 19360.00000      0.54063
 19370.00000      0.53989
 19380.00000      0.53915
 19390.00000      0.53842
 19400.00000      0.53768
 19410.00000      0.53695
 19420.00000      0.53621
 19430.00000      0.53548
 19440.00000      0.53475
 19450.00000      0.53402
 19460.00000      0.53329
 19470.00000      0.53256
 19480.00000      0.53183
 19490.00000      0.53110
 19500.00000      0.53037
 19510.00000      0.52964
 19520.00000      0.52892
 19530.00000      0.52819
 19540.00000      0.52747
 19550.00000      0.52674
 19560.00000      0.52602
 19570.00000      0.52530
 19580.00000      0.52458
 19590.00000      0.52386
 19600.00000      0.52314
 19610.00000      0.52242
 19620.00000      0.52170
 19630.00000      0.52098
 19640.00000      0.52026
 19650.00000      0.51955
 19660.00000      0.51883
 19670.00000      0.51811
 19680.00000      0.51740
 19690.00000      0.51669
 19700.00000      0.51597
 19710.00000      0.51526
 19720.00000      0.51455
 19730.00000      0.51384
 19740.00000      0.51313
 19750.00000      0.51242
 19760.00000      0.51171
 19770.00000      0.51100
 19780.00000      0.51030
 19790.00000      0.50959
 19800.00000      0.50888
 19810.00000      0.50818
 19820.00000      0.50747
 19830.00000      0.50677
 19840.00000      0.50607
 19850.00000      0.50537
 19860.00000      0.50466
 19870.00000      0.50396
 19880.00000      0.50326
 19890.00000      0.50256
 19900.00000      0.50187
 19910.00000      0.50117
 19920.00000      0.50047
 19930.00000      0.49977
 19940.00000      0.49908
 19950.00000      0.49838
 19960.00000      0.49769
 19970.00000      0.49699
 19980.00000      0.49630
 19990.00000      0.49561
 20000.00000      0.49492
 20010.00000      0.49423
 20020.00000      0.49354
 20030.00000      0.49285
 20040.00000      0.49216
 20050.00000      0.49147
 20060.00000      0.49078
 20070.00000      0.49009
 20080.00000      0.48941
 20090.00000      0.48872
 20100.00000      0.48804
 20110.00000      0.48735
 20120.00000      0.48667
 20130.00000      0.48599
 20140.00000      0.48531
 20150.00000      0.48462
 20160.00000      0.48394
 20170.00000      0.48326
 20180.00000      0.48258
 20190.00000      0.48191
 20200.00000      0.48123
 20210.00000      0.48055
 20220.00000      0.47987
 20230.00000      0.47920
 20240.00000      0.47852
 20250.00000      0.47785
 20260.00000      0.47717
 20270.00000      0.47650
 20280.00000      0.47583
 20290.00000      0.47515
 20300.00000      0.47448
 20310.00000      0.47381
 20320.00000      0.47314
 20330.00000      0.47247
 20340.00000      0.47180
 20350.00000      0.47114
 20360.00000      0.47047
 20370.00000      0.46980
 20380.00000      0.46914
 20390.00000      0.46847
 20400.00000      0.46781
 20410.00000      0.46714
 20420.00000      0.46648
 20430.00000      0.46582
 20440.00000      0.46515
 20450.00000      0.46449
 20460.00000      0.46383
 20470.00000      0.46317
 20480.00000      0.46251
 20490.00000      0.46185
 20500.00000      0.46119
 20510.00000      0.46054
 20520.00000      0.45988
 20530.00000      0.45922
 20540.00000      0.45857
 20550.00000      0.45791
 20560.00000      0.45726
 20570.00000      0.45660
 20580.00000      0.45595
 20590.00000      0.45530
 20600.00000      0.45464
 20610.00000      0.45399
 20620.00000      0.45334
 20630.00000      0.45269
 20640.00000      0.45204
 20650.00000      0.45139
 20660.00000      0.45075
 20670.00000      0.45010
 20680.00000      0.44945
 20690.00000      0.44881
 20700.00000      0.44816
 20710.00000      0.44751
 20720.00000      0.44687
 20730.00000      0.44623
 20740.00000      0.44558
 20750.00000      0.44494
 20760.00000      0.44430
 20770.00000      0.44366
 20780.00000      0.44302
 20790.00000      0.44238
 20800.00000      0.44174
 20810.00000      0.44110
 20820.00000      0.44046
 20830.00000      0.43982
 20840.00000      0.43919
 20850.00000      0.43855
 20860.00000      0.43791
 20870.00000      0.43728
 20880.00000      0.43664
 20890.00000      0.43601
 20900.00000      0.43538
 20910.00000      0.43474
 20920.00000      0.43411
 20930.00000      0.43348
 20940.00000      0.43285
 20950.00000      0.43222
 20960.00000      0.43159
 20970.00000      0.43096
 20980.00000      0.43033
 20990.00000      0.42970
 21000.00000      0.42908
 21010.00000      0.42845
 21020.00000      0.42782
 21030.00000      0.42720
 21040.00000      0.42657
 21050.00000      0.42595
 21060.00000      0.42532
 21070.00000      0.42470
 21080.00000      0.42408
 21090.00000      0.42346
 21100.00000      0.42283
 21110.00000      0.42221
 21120.00000      0.42159
 21130.00000      0.42097
 21140.00000      0.42035
 21150.00000      0.41974
 21160.00000      0.41912
 21170.00000      0.41850
 21180.00000      0.41788
 21190.00000      0.41727
 21200.00000      0.41665
 21210.00000      0.41604
 21220.00000      0.41542
 21230.00000      0.41481
 21240.00000      0.41420
 21250.00000      0.41358
 21260.00000      0.41297
 21270.00000      0.41236
 21280.00000      0.41175
 21290.00000      0.41114
 21300.00000      0.41053
 21310.00000      0.40992
 21320.00000      0.40931
 21330.00000      0.40870
 21340.00000      0.40809
 21350.00000      0.40749
 21360.00000      0.40688
 21370.00000      0.40628
 21380.00000      0.40567
 21390.00000      0.40507
 21400.00000      0.40446
 21410.00000      0.40386
 21420.00000      0.40325
 21430.00000      0.40265
 21440.00000      0.40205
 21450.00000      0.40145
 21460.00000      0.40085
 21470.00000      0.40025
 21480.00000      0.39965
 21490.00000      0.39905
 21500.00000      0.39845
 21510.00000      0.39785
 21520.00000      0.39726
 21530.00000      0.39666
 21540.00000      0.39606
 21550.00000      0.39547
 21560.00000      0.39487
 21570.00000      0.39428
 21580.00000      0.39368
 21590.00000      0.39309
 21600.00000      0.39250
 21610.00000      0.39190
 21620.00000      0.39131
 21630.00000      0.39072
 21640.00000      0.39013
 21650.00000      0.38954
 21660.00000      0.38895
 21670.00000      0.38836
 21680.00000      0.38777
 21690.00000      0.38718
 21700.00000      0.38660
 21710.00000      0.38601
 21720.00000      0.38542
 21730.00000      0.38484
 21740.00000      0.38425
 21750.00000      0.38367
 21760.00000      0.38308
 21770.00000      0.38250
 21780.00000      0.38192
 21790.00000      0.38133
 21800.00000      0.38075
 21810.00000      0.38017
 21820.00000      0.37959
 21830.00000      0.37901
 21840.00000      0.37843
 21850.00000      0.37785
 21860.00000      0.37727
 21870.00000      0.37669
 21880.00000      0.37611
 21890.00000      0.37554
 21900.00000      0.37496
 21910.00000      0.37438
 21920.00000      0.37381
 21930.00000      0.37323
 21940.00000      0.37266
 21950.00000      0.37208
 21960.00000      0.37151
 21970.00000      0.37094
 21980.00000      0.37036
 21990.00000      0.36979
 22000.00000      0.36922
 22010.00000      0.36864
 22020.00000      0.36807
 22030.00000      0.36750
 22040.00000      0.36692
 22050.00000      0.36635
 22060.00000      0.36577
 22070.00000      0.36520
 22080.00000      0.36463
 22090.00000      0.36405
 22100.00000      0.36348
 22110.00000      0.36290
 22120.00000      0.36233
 22130.00000      0.36176
 22140.00000      0.36118
 22150.00000      0.36061
 22160.00000      0.36003
 22170.00000      0.35946
 22180.00000      0.35889
 22190.00000      0.35831
 22200.00000      0.35774
 22210.00000      0.35716
 22220.00000      0.35659
 22230.00000      0.35602
 22240.00000      0.35544
 22250.00000      0.35487
 22260.00000      0.35430
 22270.00000      0.35372
 22280.00000      0.35315
 22290.00000      0.35257
 22300.00000      0.35200
 22310.00000      0.35143
 22320.00000      0.35085
 22330.00000      0.35028
 22340.00000      0.34970
 22350.00000      0.34913
 22360.00000      0.34856
 22370.00000      0.34798
 22380.00000      0.34741
 22390.00000      0.34683
 22400.00000      0.34626
 22410.00000      0.34569
 22420.00000      0.34511
 22430.00000      0.34454
 22440.00000      0.34396
 22450.00000      0.34339
 22460.00000      0.34282
 22470.00000      0.34224
 22480.00000      0.34167
 22490.00000      0.34109
 22500.00000      0.34052
 22510.00000      0.33995
 22520.00000      0.33937
 22530.00000      0.33880
 22540.00000      0.33822
 22550.00000      0.33765
 22560.00000      0.33708
 22570.00000      0.33650
 22580.00000      0.33593
 22590.00000      0.33535
 22600.00000      0.33478
 22610.00000      0.33421
 22620.00000      0.33363
 22630.00000      0.33306
 22640.00000      0.33248
 22650.00000      0.33191
 22660.00000      0.33134
 22670.00000      0.33076
 22680.00000      0.33019
 22690.00000      0.32961
 22700.00000      0.32904
 22710.00000      0.32847
 22720.00000      0.32789
 22730.00000      0.32732
 22740.00000      0.32674
 22750.00000      0.32617
 22760.00000      0.32560
 22770.00000      0.32502
 22780.00000      0.32445
 22790.00000      0.32387
 22800.00000      0.32330
 22810.00000      0.32273
 22820.00000      0.32215
 22830.00000      0.32158
 22840.00000      0.32100
 22850.00000      0.32043
 22860.00000      0.31986
 22870.00000      0.31928
 22880.00000      0.31871
 22890.00000      0.31813
 22900.00000      0.31756
 22910.00000      0.31699
 22920.00000      0.31641
 22930.00000      0.31584
 22940.00000      0.31526
 22950.00000      0.31469
 22960.00000      0.31412
 22970.00000      0.31354
 22980.00000      0.31297
 22990.00000      0.31239
 23000.00000      0.31182
 23010.00000      0.31125
 23020.00000      0.31067
 23030.00000      0.31010
 23040.00000      0.30952
 23050.00000      0.30895
 23060.00000      0.30838
 23070.00000      0.30780
 23080.00000      0.30723
 23090.00000      0.30665
 23100.00000      0.30608
 23110.00000      0.30551
 23120.00000      0.30493
 23130.00000      0.30436
 23140.00000      0.30378
 23150.00000      0.30321
 23160.00000      0.30264
 23170.00000      0.30206
 23180.00000      0.30149
 23190.00000      0.30091
 23200.00000      0.30034
 23210.00000      0.29977
 23220.00000      0.29919
 23230.00000      0.29862
 23240.00000      0.29804
 23250.00000      0.29747
 23260.00000      0.29690
 23270.00000      0.29632
 23280.00000      0.29575
 23290.00000      0.29517
 23300.00000      0.29460
 23310.00000      0.29403
 23320.00000      0.29345
 23330.00000      0.29288
 23340.00000      0.29230
 23350.00000      0.29173
 23360.00000      0.29116
 23370.00000      0.29058
 23380.00000      0.29001
 23390.00000      0.28943
 23400.00000      0.28886
 23410.00000      0.28829
 23420.00000      0.28771
 23430.00000      0.28714
 23440.00000      0.28656
 23450.00000      0.28599
 23460.00000      0.28542
 23470.00000      0.28484
 23480.00000      0.28427
 23490.00000      0.28369
 23500.00000      0.28312
 23510.00000      0.28255
 23520.00000      0.28197
 23530.00000      0.28140
 23540.00000      0.28082
 23550.00000      0.28025
 23560.00000      0.27968
 23570.00000      0.27910
 23580.00000      0.27853
 23590.00000      0.27795
 23600.00000      0.27738
 23610.00000      0.27681
 23620.00000      0.27623
 23630.00000      0.27566
 23640.00000      0.27508
 23650.00000      0.27451
 23660.00000      0.27394
 23670.00000      0.27336
 23680.00000      0.27279
 23690.00000      0.27221
 23700.00000      0.27164
 23710.00000      0.27107
 23720.00000      0.27049
 23730.00000      0.26992
 23740.00000      0.26934
 23750.00000      0.26877
 23760.00000      0.26820
 23770.00000      0.26762
 23780.00000      0.26705
 23790.00000      0.26647
 23800.00000      0.26590
 23810.00000      0.26533
 23820.00000      0.26475
 23830.00000      0.26418
 23840.00000      0.26360
 23850.00000      0.26303
 23860.00000      0.26246
 23870.00000      0.26188
 23880.00000      0.26131
 23890.00000      0.26073
 23900.00000      0.26016
 23910.00000      0.25959
 23920.00000      0.25901
 23930.00000      0.25844
 23940.00000      0.25786
 23950.00000      0.25729
 23960.00000      0.25672
 23970.00000      0.25614
 23980.00000      0.25557
 23990.00000      0.25499
 24000.00000      0.25442
 24010.00000      0.25385
 24020.00000      0.25327
 24030.00000      0.25270
 24040.00000      0.25212
 24050.00000      0.25155
 24060.00000      0.25098
 24070.00000      0.25040
 24080.00000      0.24983
 24090.00000      0.24925
 24100.00000      0.24868
 24110.00000      0.24811
 24120.00000      0.24753
 24130.00000      0.24696
 24140.00000      0.24638
 24150.00000      0.24581
 24160.00000      0.24524
 24170.00000      0.24466
 24180.00000      0.24409
 24190.00000      0.24351
 24200.00000      0.24294
 24210.00000      0.24237
 24220.00000      0.24179
 24230.00000      0.24122
 24240.00000      0.24064
 24250.00000      0.24007
 24260.00000      0.23950
 24270.00000      0.23892
 24280.00000      0.23835
 24290.00000      0.23777
 24300.00000      0.23720
 24310.00000      0.23663
 24320.00000      0.23605
 24330.00000      0.23548
 24340.00000      0.23490
 24350.00000      0.23433
 24360.00000      0.23376
 24370.00000      0.23318
 24380.00000      0.23261
 24390.00000      0.23203
 24400.00000      0.23146
 24410.00000      0.23089
 24420.00000      0.23031
 24430.00000      0.22974
 24440.00000      0.22916
 24450.00000      0.22859
 24460.00000      0.22802
 24470.00000      0.22744
 24480.00000      0.22687
 24490.00000      0.22629
 24500.00000      0.22572
 24510.00000      0.22515
 24520.00000      0.22457
 24530.00000      0.22400
 24540.00000      0.22342
 24550.00000      0.22285
 24560.00000      0.22228
 24570.00000      0.22170
 24580.00000      0.22113
 24590.00000      0.22055
 24600.00000      0.21998
 24610.00000      0.21941
 24620.00000      0.21883
 24630.00000      0.21826
 24640.00000      0.21768
 24650.00000      0.21711
 24660.00000      0.21654
 24670.00000      0.21596
 24680.00000      0.21539
 24690.00000      0.21481
 24700.00000      0.21424
 24710.00000      0.21367
 24720.00000      0.21309
 24730.00000      0.21252
 24740.00000      0.21194
 24750.00000      0.21137
 24760.00000      0.21080
 24770.00000      0.21022
 24780.00000      0.20965
 24790.00000      0.20907
 24800.00000      0.20850
 24810.00000      0.20793
 24820.00000      0.20735
 24830.00000      0.20678
 24840.00000      0.20620
 24850.00000      0.20563
 24860.00000      0.20506
 24870.00000      0.20448
 24880.00000      0.20391
 24890.00000      0.20333
 24900.00000      0.20276
 24910.00000      0.20219
 24920.00000      0.20161
 24930.00000      0.20104
 24940.00000      0.20046
 24950.00000      0.19989
 24960.00000      0.19932
 24970.00000      0.19874
 24980.00000      0.19817
 24990.00000      0.19760
 25000.00000      0.19702
 25010.00000      0.19645
 25020.00000      0.19587
 25030.00000      0.19530
 25040.00000      0.19473
 25050.00000      0.19415
 25060.00000      0.19358
 25070.00000      0.19300
 25080.00000      0.19243
 25090.00000      0.19186
 25100.00000      0.19128
 25110.00000      0.19071
 25120.00000      0.19013
 25130.00000      0.18956
 25140.00000      0.18899
 25150.00000      0.18841
 25160.00000      0.18784
 25170.00000      0.18726
 25180.00000      0.18669
 25190.00000      0.18612
 25200.00000      0.18554
 25210.00000      0.18497
 25220.00000      0.18439
 25230.00000      0.18382
 25240.00000      0.18325
 25250.00000      0.18267
 25260.00000      0.18210
 25270.00000      0.18152
 25280.00000      0.18095
 25290.00000      0.18038
 25300.00000      0.17980
 25310.00000      0.17923
 25320.00000      0.17865
 25330.00000      0.17808
 25340.00000      0.17751
 25350.00000      0.17693
 25360.00000      0.17636
 25370.00000      0.17578
 25380.00000      0.17521
 25390.00000      0.17464
 25400.00000      0.17406
 25410.00000      0.17349
 25420.00000      0.17291
 25430.00000      0.17234
 25440.00000      0.17177
 25450.00000      0.17119
 25460.00000      0.17062
 25470.00000      0.17004
 25480.00000      0.16947
 25490.00000      0.16890
 25500.00000      0.16832
 25510.00000      0.16775
 25520.00000      0.16717
 25530.00000      0.16660
 25540.00000      0.16603
 25550.00000      0.16545
 25560.00000      0.16488
 25570.00000      0.16430
 25580.00000      0.16373
 25590.00000      0.16316
 25600.00000      0.16258
 25610.00000      0.16201
 25620.00000      0.16143
 25630.00000      0.16086
 25640.00000      0.16029
 25650.00000      0.15971
 25660.00000      0.15914
 25670.00000      0.15856
 25680.00000      0.15799
 25690.00000      0.15742
 25700.00000      0.15684
 25710.00000      0.15627
 25720.00000      0.15569
 25730.00000      0.15512
 25740.00000      0.15455
 25750.00000      0.15397
 25760.00000      0.15340
 25770.00000      0.15282
 25780.00000      0.15225
 25790.00000      0.15168
 25800.00000      0.15110
 25810.00000      0.15053
 25820.00000      0.14995
 25830.00000      0.14938
 25840.00000      0.14881
 25850.00000      0.14823
 25860.00000      0.14766
 25870.00000      0.14708
 25880.00000      0.14651
 25890.00000      0.14594
 25900.00000      0.14536
 25910.00000      0.14479
 25920.00000      0.14421
 25930.00000      0.14364
 25940.00000      0.14307
 25950.00000      0.14249
 25960.00000      0.14192
 25970.00000      0.14134
 25980.00000      0.14077
 25990.00000      0.14020
 26000.00000      0.13962
 26010.00000      0.13905
 26020.00000      0.13847
 26030.00000      0.13790
 26040.00000      0.13733
 26050.00000      0.13675
 26060.00000      0.13618
 26070.00000      0.13560
 26080.00000      0.13503
 26090.00000      0.13446
 26100.00000      0.13388
 26110.00000      0.13331
 26120.00000      0.13273
 26130.00000      0.13216
 26140.00000      0.13159
 26150.00000      0.13101
 26160.00000      0.13044
 26170.00000      0.12986
 26180.00000      0.12929
 26190.00000      0.12872
 26200.00000      0.12814
 26210.00000      0.12757
 26220.00000      0.12699
 26230.00000      0.12642
 26240.00000      0.12585
 26250.00000      0.12527
 26260.00000      0.12470
 26270.00000      0.12412
 26280.00000      0.12355
 26290.00000      0.12298
 26300.00000      0.12240
 26310.00000      0.12183
 26320.00000      0.12125
 26330.00000      0.12068
 26340.00000      0.12011
 26350.00000      0.11953
 26360.00000      0.11896
 26370.00000      0.11838
 26380.00000      0.11781
 26390.00000      0.11724
 26400.00000      0.11666
 26410.00000      0.11609
 26420.00000      0.11551
 26430.00000      0.11494
 26440.00000      0.11437
 26450.00000      0.11379
 26460.00000      0.11322
 26470.00000      0.11264
 26480.00000      0.11207
 26490.00000      0.11150
 26500.00000      0.11092
 26510.00000      0.11035
 26520.00000      0.10977
 26530.00000      0.10920
 26540.00000      0.10863
 26550.00000      0.10805
 26560.00000      0.10748
 26570.00000      0.10690
 26580.00000      0.10633
 26590.00000      0.10576
 26600.00000      0.10518
 26610.00000      0.10461
 26620.00000      0.10403
 26630.00000      0.10346
 26640.00000      0.10289
 26650.00000      0.10231
 26660.00000      0.10174
 26670.00000      0.10116
 26680.00000      0.10059
 26690.00000      0.10002
 26700.00000      0.09944
 26710.00000      0.09887
 26720.00000      0.09829
 26730.00000      0.09772
 26740.00000      0.09715
 26750.00000      0.09657
 26760.00000      0.09600
 26770.00000      0.09542
 26780.00000      0.09485
 26790.00000      0.09428
 26800.00000      0.09370
 26810.00000      0.09313
 26820.00000      0.09255
 26830.00000      0.09198
 26840.00000      0.09141
 26850.00000      0.09083
 26860.00000      0.09026
 26870.00000      0.08968
 26880.00000      0.08911
 26890.00000      0.08854
 26900.00000      0.08796
 26910.00000      0.08739
 26920.00000      0.08681
 26930.00000      0.08624
 26940.00000      0.08567
 26950.00000      0.08509
 26960.00000      0.08452
 26970.00000      0.08394
 26980.00000      0.08337
 26990.00000      0.08280
 27000.00000      0.08222
 27010.00000      0.08165
 27020.00000      0.08107
 27030.00000      0.08050
 27040.00000      0.07993
 27050.00000      0.07935
 27060.00000      0.07878
 27070.00000      0.07820
 27080.00000      0.07763
 27090.00000      0.07706
 27100.00000      0.07648
 27110.00000      0.07591
 27120.00000      0.07533
 27130.00000      0.07476
 27140.00000      0.07419
 27150.00000      0.07361
 27160.00000      0.07304
 27170.00000      0.07246
 27180.00000      0.07189
 27190.00000      0.07132
 27200.00000      0.07074
 27210.00000      0.07017
 27220.00000      0.06959
 27230.00000      0.06902
 27240.00000      0.06845
 27250.00000      0.06787
 27260.00000      0.06730
 27270.00000      0.06672
 27280.00000      0.06615
 27290.00000      0.06558
 27300.00000      0.06500
 27310.00000      0.06443
 27320.00000      0.06385
 27330.00000      0.06328
 27340.00000      0.06271
 27350.00000      0.06213
 27360.00000      0.06156
 27370.00000      0.06098
 27380.00000      0.06041
 27390.00000      0.05984
 27400.00000      0.05926
 27410.00000      0.05869
 27420.00000      0.05811
 27430.00000      0.05754
 27440.00000      0.05697
 27450.00000      0.05639
 27460.00000      0.05582
 27470.00000      0.05524
 27480.00000      0.05467
 27490.00000      0.05410
 27500.00000      0.05352
 27510.00000      0.05295
 27520.00000      0.05237
 27530.00000      0.05180
 27540.00000      0.05123
 27550.00000      0.05065
 27560.00000      0.05008
 27570.00000      0.04950
 27580.00000      0.04893
 27590.00000      0.04836
 27600.00000      0.04778
 27610.00000      0.04721
 27620.00000      0.04663
 27630.00000      0.04606
 27640.00000      0.04549
 27650.00000      0.04491
 27660.00000      0.04434
 27670.00000      0.04376
 27680.00000      0.04319
 27690.00000      0.04262
 27700.00000      0.04204
 27710.00000      0.04147
 27720.00000      0.04089
 27730.00000      0.04032
 27740.00000      0.03975
 27750.00000      0.03917
 27760.00000      0.03860
 27770.00000      0.03803
 27780.00000      0.03745
 27790.00000      0.03688
 27800.00000      0.03630
 27810.00000      0.03573
 27820.00000      0.03516
 27830.00000      0.03458
 27840.00000      0.03401
 27850.00000      0.03343
 27860.00000      0.03286
 27870.00000      0.03229
 27880.00000      0.03171
 27890.00000      0.03114
 27900.00000      0.03056
 27910.00000      0.02999
 27920.00000      0.02942
 27930.00000      0.02884
 27940.00000      0.02827
 27950.00000      0.02769
 27960.00000      0.02712
 27970.00000      0.02655
 27980.00000      0.02597
 27990.00000      0.02540
 28000.00000      0.02482
 28010.00000      0.02425
 28020.00000      0.02368
 28030.00000      0.02310
 28040.00000      0.02253
 28050.00000      0.02195
 28060.00000      0.02138
 28070.00000      0.02081
 28080.00000      0.02023
 28090.00000      0.01966
 28100.00000      0.01908
 28110.00000      0.01851
 28120.00000      0.01794
 28130.00000      0.01736
 28140.00000      0.01679
 28150.00000      0.01621
 28160.00000      0.01564
 28170.00000      0.01507
 28180.00000      0.01449
 28190.00000      0.01392
 28200.00000      0.01334
 28210.00000      0.01277
 28220.00000      0.01220
 28230.00000      0.01162
 28240.00000      0.01105
 28250.00000      0.01047
 28260.00000      0.00990
 28270.00000      0.00933
 28280.00000      0.00875
 28290.00000      0.00818
 28300.00000      0.00760
 28310.00000      0.00703
 28320.00000      0.00646
 28330.00000      0.00588
 28340.00000      0.00531
 28350.00000      0.00473
 28360.00000      0.00416
 28370.00000      0.00359
 28380.00000      0.00301
 28390.00000      0.00244
 28400.00000      0.00186
 28410.00000      0.00129
 28420.00000      0.00072
 28430.00000      0.00014
100000.00000      0.00000
